0,600;
1,581;
2,565;
3,587;
4,657;
5,741;
6,820;
7,913;
8,1020;
9,1187;
10,1330;
11,1505;
12,1719;
13,1991;
14,2287;
15,2630;
16,3062;
17,3517;
18,4071;
19,4659;
20,5315;
21,6037;
22,6854;
23,7578;
24,8287;
25,8832;
26,9236;
27,9503;
28,9669;
29,9727;
30,9764;
31,9760;
32,9737;
33,9728;
34,9711;
35,9666;
36,9653;
37,9656;
38,9636;
39,9593;
40,9521;
41,9476;
42,9442;
43,9383;
44,9321;
45,9285;
46,9182;
47,9088;
48,8965;
49,8891;
50,8792;
51,8629;
52,8453;
53,8251;
54,8008;
55,7779;
56,7569;
57,7264;
58,6928;
59,6604;
60,6229;
61,5941;
62,5581;
63,5194;
64,4869;
65,4501;
66,4181;
67,3837;
68,3513;
69,3202;
70,2866;
71,2551;
72,2283;
73,2024;
74,1742;
75,1544;
76,1373;
77,1212;
78,1080;
79,953;
80,846;
81,746;
82,667;
83,580;
84,499;
85,432;
86,361;
87,306;
88,254;
89,202;
90,166;
91,131;
92,97;
93,76;
94,58;
95,48;
96,39;
97,35;
98,30;
99,27;
100,28;
101,30;
102,31;
103,34;
104,39;
105,42;
106,50;
107,57;
108,66;
109,76;
110,90;
111,113;
